0.0001  -0.0014377255627033118
0.0002  -0.002736821689294635
0.00030000000000000003  -0.003983593001509503
0.0004  -0.005196384506365292
0.0005  -0.00638390885729951
0.0006000000000000001  -0.00755129769468304
0.0007000000000000001  -0.008701941834584465
0.0008000000000000001  -0.009838251268282628
0.0009000000000000002  -0.01096202794472721
0.0010000000000000002  -0.012074670534039076
0.0011000000000000003  -0.013177296389658226
0.0012000000000000003  -0.014270818772694146
0.0013000000000000004  -0.015355998150443062
0.0014000000000000004  -0.016433477616385007
0.0015000000000000005  -0.01750380813889637
0.0016000000000000005  -0.018567467047669345
0.0017000000000000006  -0.019624871881060744
0.0018000000000000006  -0.020676390964446522
0.0019000000000000006  -0.021722351630946695
0.0020000000000000005  -0.02276304670695826
0.0021000000000000003  -0.023798739697550364
0.0022  -0.024829668982084566
0.0023  -0.02585605124553913
0.0024  -0.026878084312044415
0.0024999999999999996  -0.027895949505412288
0.0025999999999999994  -0.02890981363143025
0.0026999999999999993  -0.029919830654777723
0.002799999999999999  -0.03092614312720215
0.002899999999999999  -0.03192888341143526
0.0029999999999999988  -0.03292817473611288
0.0030999999999999986  -0.033924132109898704
0.0031999999999999984  -0.03491686311754684
0.0032999999999999982  -0.03590646861636989
0.003399999999999998  -0.036893043348217636
0.003499999999999998  -0.037876676479402946
0.0035999999999999977  -0.03885745207887721
0.0036999999999999976  -0.039835449543238886
0.0037999999999999974  -0.040810743975765555
0.0038999999999999972  -0.041783406525523516
0.0039999999999999975  -0.04275350469167671
0.004099999999999998  -0.043721102597348106
0.004199999999999998  -0.04468626123674893
0.004299999999999998  -0.045649038698760074
0.0043999999999999985  -0.04660949036970535
0.004499999999999999  -0.047567669117682586
0.004599999999999999  -0.0485236254605025
0.004699999999999999  -0.04947740771901838
0.0048  -0.05042906215740109
0.0049  -0.05137863311172021
0.005  -0.05232616310802486
0.0051  -0.053271692970974845
0.005200000000000001  -0.0542152619239488
0.005300000000000001  -0.05515690768144929
0.005400000000000001  -0.05609666653453177
0.005500000000000001  -0.05703457342990358
0.005600000000000002  -0.057970662043268645
0.005700000000000002  -0.05890496484743186
0.005800000000000002  -0.05983751317562287
0.0059000000000000025  -0.06076833728045168
0.006000000000000003  -0.06169746638886613
0.006100000000000003  -0.06262492875344484
0.006200000000000003  -0.0635507517003258
0.0063000000000000035  -0.06447496167404203
0.006400000000000004  -0.06539758427951009
0.006500000000000004  -0.06631864432139367
0.006600000000000004  -0.06723816584104422
0.0067000000000000046  -0.06815617215120247
0.006800000000000005  -0.06907268586862772
0.006900000000000005  -0.06998772894480747
0.007000000000000005  -0.07090132269488636
0.007100000000000006  -0.07181348782494185
0.007200000000000006  -0.07272424445772291
0.007300000000000006  -0.07363361215695857
0.007400000000000006  -0.07454160995033428
0.007500000000000007  -0.07544825635122612
0.007600000000000007  -0.07635356937927565
0.007700000000000007  -0.07725756657988171
0.0078000000000000074  -0.07816026504267957
0.007900000000000008  -0.07906168141907224
0.008000000000000007  -0.07996183193887396
0.008100000000000007  -0.08086073242612156
0.008200000000000006  -0.08175839831410475
0.008300000000000005  -0.08265484465966318
0.008400000000000005  -0.0835500861567944
0.008500000000000004  -0.08444413714961385
0.008600000000000003  -0.0853370116447047
0.008700000000000003  -0.08622872332289329
0.008800000000000002  -0.08711928555048325
0.008900000000000002  -0.08800871138997873
0.009000000000000001  -0.08889701361032569
0.0091  -0.08978420469669805
0.0092  -0.09067029685985352
0.0093  -0.0915553020450827
0.009399999999999999  -0.09243923194077328
0.009499999999999998  -0.09332209798660948
0.009599999999999997  -0.09420391138142668
0.009699999999999997  -0.0950846830907384
0.009799999999999996  -0.09596442385395293
0.009899999999999996  -0.0968431441912954
0.009999999999999995  -0.09772085441045024
0.010099999999999994  -0.09859756461293773
0.010199999999999994  -0.0994732847002382
0.010299999999999993  -0.10034802437967583
0.010399999999999993  -0.10122179317007408
0.010499999999999992  -0.10209460040719369
0.010599999999999991  -0.10296645524896307
0.01069999999999999  -0.1038373666805119
0.01079999999999999  -0.10470734351901603
0.01089999999999999  -0.10557639441836325
0.010999999999999989  -0.10644452787364762
0.011099999999999988  -0.10731175222550061
0.011199999999999988  -0.10817807566426577
0.011299999999999987  -0.10904350623402469
0.011399999999999987  -0.10990805183648018
0.011499999999999986  -0.11077172023470336
0.011599999999999985  -0.11163451905675022
0.011699999999999985  -0.11249645579915361
0.011799999999999984  -0.11335753783029583
0.011899999999999984  -0.11421777239366679
0.011999999999999983  -0.11507716661101272
0.012099999999999982  -0.11593572748538002
0.012199999999999982  -0.11679346190405818
0.012299999999999981  -0.11765037664142645
0.01239999999999998  -0.11850647836170806
0.01249999999999998  -0.11936177362163505
0.01259999999999998  -0.12021626887302851
0.012699999999999979  -0.12106997046529631
0.012799999999999978  -0.12192288464785263
0.012899999999999977  -0.12277501757246145
0.012999999999999977  -0.12362637529550777
0.013099999999999976  -0.12447696378019857
0.013199999999999976  -0.12532678889869686
0.013299999999999975  -0.12617585643419094
0.013399999999999974  -0.12702417208290137
0.013499999999999974  -0.1278717414560281
0.013599999999999973  -0.1287185700816399
0.013699999999999973  -0.12956466340650818
0.013799999999999972  -0.13041002679788738
0.013899999999999971  -0.13125466554524348
0.01399999999999997  -0.13209858486193315
0.01409999999999997  -0.13294178988683455
0.01419999999999997  -0.13378428568593212
0.014299999999999969  -0.13462607725385667
0.014399999999999968  -0.13546716951538224
0.014499999999999968  -0.13630756732688162
0.014599999999999967  -0.13714727547774153
0.014699999999999967  -0.13798629869173915
0.014799999999999966  -0.13882464162838096
0.014899999999999965  -0.13966230888420583
0.014999999999999965  -0.14049930499405264
