0.0001  -8.41488463465009e-07
0.0002  -3.365953853860036e-06
0.00030000000000000003  -7.573396171185082e-06
0.0004  -1.3463815415440144e-05
0.0005  -2.1037211586625223e-05
0.0006000000000000001  -3.0293584684740327e-05
0.0007000000000000001  -4.1232934709785443e-05
0.0008000000000000001  -5.3855261661760596e-05
0.0009000000000000002  -6.816056554066573e-05
0.0010000000000000002  -8.414884634650092e-05
0.0011000000000000003  -0.00010182010407926612
0.0012000000000000003  -0.00012117433873896135
0.0013000000000000004  -0.00014221155032558653
0.0014000000000000004  -0.00016493173883914183
0.0015000000000000005  -0.0001893349042796271
0.0016000000000000005  -0.0002154210466470424
0.0017000000000000006  -0.00024319016594138773
0.0018000000000000006  -0.0002726422621626631
0.0019000000000000006  -0.0003037773353108684
0.0020000000000000005  -0.0003365953853860037
0.0021000000000000003  -0.00037109641238806907
0.0022  -0.00040728041631706436
0.0023  -0.00044514739717298966
0.0024  -0.000484697354955845
0.0024999999999999996  -0.0005259302896656302
0.0025999999999999994  -0.0005688462013023458
0.0026999999999999993  -0.0006134450898659912
0.002799999999999999  -0.0006597269553565667
0.002899999999999999  -0.000707691797774072
0.0029999999999999988  -0.0007573396171185073
0.0030999999999999986  -0.0008086704133898731
0.0031999999999999984  -0.0008616841865881683
0.0032999999999999982  -0.0009163809367133938
0.003399999999999998  -0.0009727606637655494
0.003499999999999998  -0.0010308233677446348
0.0035999999999999977  -0.00109056904865065
0.0036999999999999976  -0.0011519977064835957
0.0037999999999999974  -0.0012151093412434712
0.0038999999999999972  -0.0012799039529302766
0.0039999999999999975  -0.0013463815415440126
0.004099999999999998  -0.0014145421070846783
0.004199999999999998  -0.0014843856495522746
0.004299999999999998  -0.0015559121689468001
0.0043999999999999985  -0.0016291216652682561
0.004499999999999999  -0.0017040141385166415
0.004599999999999999  -0.001780589588691958
0.004699999999999999  -0.0018588480157942038
0.0048  -0.00193878941982338
0.0049  -0.002020413800779486
0.005  -0.0021037211586625217
0.0051  -0.0021887114934724884
0.005200000000000001  -0.002275384805209384
0.005300000000000001  -0.002363741093873211
0.005400000000000001  -0.002453780359463966
0.005500000000000001  -0.0025455026019816536
0.005600000000000002  -0.0026389078214262692
0.005700000000000002  -0.0027339960177978156
0.005800000000000002  -0.002830767191096292
0.0059000000000000025  -0.0029292213413216993
0.006000000000000003  -0.0030293584684740345
0.006100000000000003  -0.003131178572553301
0.006200000000000003  -0.0032346816535594974
0.0063000000000000035  -0.0033398677114926238
0.006400000000000004  -0.0034467367463526808
0.006500000000000004  -0.003555288758139667
0.006600000000000004  -0.0036655237468535837
0.0067000000000000046  -0.00377744171249443
0.006800000000000005  -0.003891042655062207
0.006900000000000005  -0.0040063265745569135
0.007000000000000005  -0.00412329347097855
0.007100000000000006  -0.004241943344327116
0.007200000000000006  -0.0043622761946026135
0.007300000000000006  -0.00448429202180504
0.007400000000000006  -0.004607990825934396
0.007500000000000007  -0.004733372606990683
0.007600000000000007  -0.0048604373649739005
0.007700000000000007  -0.004989185099884047
0.0078000000000000074  -0.005119615811721124
0.007900000000000008  -0.00525172950048513
0.008000000000000007  -0.0053855261661760676
0.008100000000000007  -0.005521005808793932
0.008200000000000006  -0.005658168428338728
0.008300000000000005  -0.005797014024810453
0.008400000000000005  -0.00593754259820911
0.008500000000000004  -0.006079754148534696
0.008600000000000003  -0.00622364867578721
0.008700000000000003  -0.00636922617996666
0.008800000000000002  -0.0065164866610730315
0.008900000000000002  -0.006665430119106339
0.009000000000000001  -0.006816056554066571
0.0091  -0.0069683659659537395
0.0092  -0.0071223583547678345
0.0093  -0.007278033720508861
0.009399999999999999  -0.007435392063176815
0.009499999999999998  -0.007594433382771702
0.009599999999999997  -0.0077551576792935185
0.009699999999999997  -0.007917564952742264
0.009799999999999996  -0.008081655203117941
0.009899999999999996  -0.008247428430420542
0.009999999999999995  -0.008414884634650082
0.010099999999999994  -0.008584023815806547
0.010199999999999994  -0.008754845973889945
0.010299999999999993  -0.008927351108900267
0.010399999999999993  -0.009101539220837522
0.010499999999999992  -0.00927741030970171
0.010599999999999991  -0.009454964375492826
0.01069999999999999  -0.00963420141821087
0.01079999999999999  -0.009815121437855845
0.01089999999999999  -0.009997724434427752
0.010999999999999989  -0.010182010407926588
0.011099999999999988  -0.010367979358352352
0.011199999999999988  -0.010555631285705048
0.011299999999999987  -0.010744966189984674
0.011399999999999987  -0.010935984071191231
0.011499999999999986  -0.011128684929324718
0.011599999999999985  -0.01132306876438513
0.011699999999999985  -0.011519135576372479
0.011799999999999984  -0.011716885365286754
0.011899999999999984  -0.01191631813112796
0.011999999999999983  -0.012117433873896093
0.012099999999999982  -0.012320232593591158
0.012199999999999982  -0.012524714290213157
0.012299999999999981  -0.012730878963762083
0.01239999999999998  -0.012938726614237934
0.01249999999999998  -0.013148257241640721
0.01259999999999998  -0.013359470845970433
0.012699999999999979  -0.013572367427227087
0.012799999999999978  -0.01378694698541066
0.012899999999999977  -0.014003209520521163
0.012999999999999977  -0.0142211550325586
0.013099999999999976  -0.014440783521522968
0.013199999999999976  -0.014662094987414264
0.013299999999999975  -0.014885089430232487
0.013399999999999974  -0.015109766849977644
0.013499999999999974  -0.015336127246649726
0.013599999999999973  -0.015564170620248745
0.013699999999999973  -0.015793896970774688
0.013799999999999972  -0.016025306298227567
0.013899999999999971  -0.016258398602607367
0.01399999999999997  -0.01649317388391411
0.01409999999999997  -0.01672963214214777
0.01419999999999997  -0.01696777337730837
0.014299999999999969  -0.017207597589395888
0.014399999999999968  -0.01744910477841035
0.014499999999999968  -0.01769229494435174
0.014599999999999967  -0.017937168087220044
0.014699999999999967  -0.0181837242070153
0.014799999999999966  -0.01843196330373747
0.014899999999999965  -0.018681885377386576
0.014999999999999965  -0.01893349042796261
