0.0001  [[-8.41488463e-07 -0.00000000e+00 -0.00000000e+00]
 [-3.42047529e-04 -1.32008503e-04 -0.00000000e+00]
 [-3.57951661e-03 -1.01897241e-03 -2.11361566e-02]]
0.0002  [[-3.36595385e-06 -6.84095059e-04 -7.15903323e-03]
 [-1.36819012e-03 -5.28034011e-04 -2.03794481e-03]
 [-1.43180665e-02 -4.07588962e-03 -8.45446264e-02]]
0.00030000000000000003  [[-7.57339617e-06 -2.05228518e-03 -2.14770997e-02]
 [-3.07842776e-03 -1.18807652e-03 -6.11383443e-03]
 [-3.22156495e-02 -9.17075165e-03 -1.90225409e-01]]
0.0004  [[-1.34638154e-05 -4.10457035e-03 -4.29541994e-02]
 [-5.47276047e-03 -2.11213604e-03 -1.22276689e-02]
 [-5.72722658e-02 -1.63035585e-02 -3.38178506e-01]]
0.0005  [[-2.10372116e-05 -6.84095059e-03 -7.15903323e-02]
 [-8.55118823e-03 -3.30021257e-03 -2.03794481e-02]
 [-8.94879153e-02 -2.54743101e-02 -5.28403915e-01]]
0.0006000000000000001  [[-3.02935847e-05 -1.02614259e-02 -1.07385498e-01]
 [-1.23137111e-02 -4.75230610e-03 -3.05691722e-02]
 [-1.28862598e-01 -3.66830066e-02 -7.60901638e-01]]
0.0007000000000000001  [[-4.12329347e-05 -1.43659962e-02 -1.50339698e-01]
 [-1.67603289e-02 -6.46841663e-03 -4.27968410e-02]
 [-1.75396314e-01 -4.99296479e-02 -1.03567167e+00]]
0.0008000000000000001  [[-5.38552617e-05 -1.91546616e-02 -2.00452930e-01]
 [-2.18910419e-02 -8.44854417e-03 -5.70624547e-02]
 [-2.29089063e-01 -6.52142339e-02 -1.35271402e+00]]
0.0009000000000000002  [[-6.81605655e-05 -2.46274221e-02 -2.57725196e-01]
 [-2.77058499e-02 -1.06926887e-02 -7.33660132e-02]
 [-2.89940846e-01 -8.25367648e-02 -1.71202869e+00]]
0.0010000000000000002  [[-8.41488463e-05 -3.07842776e-02 -3.22156495e-01]
 [-3.42047529e-02 -1.32008503e-02 -9.17075165e-02]
 [-3.57951661e-01 -1.01897241e-01 -2.11361566e+00]]
0.0011000000000000003  [[-1.01820104e-04 -3.76252282e-02 -3.93746827e-01]
 [-4.13877511e-02 -1.59730288e-02 -1.12086965e-01]
 [-4.33121510e-01 -1.23295661e-01 -2.55747495e+00]]
0.0012000000000000003  [[-1.21174339e-04 -4.51502739e-02 -4.72496193e-01]
 [-4.92548442e-02 -1.90092244e-02 -1.34504357e-01]
 [-5.15450392e-01 -1.46732026e-01 -3.04360655e+00]]
0.0013000000000000004  [[-1.42211550e-04 -5.33594146e-02 -5.58404592e-01]
 [-5.78060325e-02 -2.23094370e-02 -1.58959695e-01]
 [-6.04938308e-01 -1.72206336e-01 -3.57201047e+00]]
0.0014000000000000004  [[-1.64931739e-04 -6.22526503e-02 -6.51472024e-01]
 [-6.70413158e-02 -2.58736665e-02 -1.85452978e-01]
 [-7.01585256e-01 -1.99718591e-01 -4.14268669e+00]]
0.0015000000000000005  [[-1.89334904e-04 -7.18299812e-02 -7.51698489e-01]
 [-7.69606941e-02 -2.97019131e-02 -2.13984205e-01]
 [-8.05391238e-01 -2.29268791e-01 -4.75563524e+00]]
0.0016000000000000005  [[-2.15421047e-04 -8.20914071e-02 -8.59083987e-01]
 [-8.75641675e-02 -3.37941767e-02 -2.44553377e-01]
 [-9.16356253e-01 -2.60856936e-01 -5.41085609e+00]]
0.0017000000000000006  [[-2.43190166e-04 -9.30369280e-02 -9.73628519e-01]
 [-9.88517360e-02 -3.81504573e-02 -2.77160494e-01]
 [-1.03448030e+00 -2.94483025e-01 -6.10834926e+00]]
0.0018000000000000006  [[-2.72642262e-04 -1.04666544e-01 -1.09533208e+00]
 [-1.10823400e-01 -4.27707549e-02 -3.11805556e-01]
 [-1.15976338e+00 -3.30147059e-01 -6.84811474e+00]]
0.0019000000000000006  [[-3.03777335e-04 -1.16980255e-01 -1.22419468e+00]
 [-1.23479158e-01 -4.76550695e-02 -3.48488563e-01]
 [-1.29220550e+00 -3.67849038e-01 -7.63015253e+00]]
0.0020000000000000005  [[-3.36595385e-04 -1.29978061e-01 -1.36021631e+00]
 [-1.36819012e-01 -5.28034011e-02 -3.87209514e-01]
 [-1.43180665e+00 -4.07588962e-01 -8.45446264e+00]]
0.0021000000000000003  [[-3.71096412e-04 -1.43659962e-01 -1.50339698e+00]
 [-1.50842960e-01 -5.82157497e-02 -4.27968410e-01]
 [-1.57856683e+00 -4.49366831e-01 -9.32104506e+00]]
0.0022  [[-4.07280416e-04 -1.58025959e-01 -1.65373668e+00]
 [-1.65551004e-01 -6.38921153e-02 -4.70765251e-01]
 [-1.73248604e+00 -4.93182644e-01 -1.02298998e+01]]
0.0023  [[-4.45147397e-04 -1.73076050e-01 -1.81123541e+00]
 [-1.80943143e-01 -6.98324979e-02 -5.15600037e-01]
 [-1.89356429e+00 -5.39036402e-01 -1.11810268e+01]]
0.0024  [[-4.84697355e-04 -1.88810236e-01 -1.97589317e+00]
 [-1.97019377e-01 -7.60368976e-02 -5.62472768e-01]
 [-2.06180157e+00 -5.86928105e-01 -1.21744262e+01]]
0.0024999999999999996  [[-5.25930290e-04 -2.05228518e-01 -2.14770997e+00]
 [-2.13779706e-01 -8.25053142e-02 -6.11383443e-01]
 [-2.23719788e+00 -6.36857753e-01 -1.32100979e+01]]
0.0025999999999999994  [[-5.68846201e-04 -2.22330894e-01 -2.32668580e+00]
 [-2.31224130e-01 -8.92377478e-02 -6.62332063e-01]
 [-2.41975323e+00 -6.88825346e-01 -1.42880419e+01]]
0.0026999999999999993  [[-6.13445090e-04 -2.40117366e-01 -2.51282066e+00]
 [-2.49352649e-01 -9.62341985e-02 -7.15318628e-01]
 [-2.60946761e+00 -7.42830883e-01 -1.54082582e+01]]
0.002799999999999999  [[-6.59726955e-04 -2.58587932e-01 -2.70611456e+00]
 [-2.68165263e-01 -1.03494666e-01 -7.70343138e-01]
 [-2.80634102e+00 -7.98874366e-01 -1.65707468e+01]]
0.002899999999999999  [[-7.07691798e-04 -2.77742594e-01 -2.90656749e+00]
 [-2.87661972e-01 -1.11019151e-01 -8.27405593e-01]
 [-3.01037347e+00 -8.56955793e-01 -1.77755077e+01]]
0.0029999999999999988  [[-7.57339617e-04 -2.97581351e-01 -3.11417945e+00]
 [-3.07842776e-01 -1.18807652e-01 -8.86505993e-01]
 [-3.22156495e+00 -9.17075165e-01 -1.90225409e+01]]
0.0030999999999999986  [[-8.08670413e-04 -3.18104202e-01 -3.32895045e+00]
 [-3.28707676e-01 -1.26860171e-01 -9.47644337e-01]
 [-3.43991547e+00 -9.79232481e-01 -2.03118465e+01]]
0.0031999999999999984  [[-8.61684187e-04 -3.39311149e-01 -3.55088048e+00]
 [-3.50256670e-01 -1.35176707e-01 -1.01082063e+00]
 [-3.66542501e+00 -1.04342774e+00 -2.16434244e+01]]
0.0032999999999999982  [[-9.16380937e-04 -3.61202191e-01 -3.77996954e+00]
 [-3.72489760e-01 -1.43757259e-01 -1.07603486e+00]
 [-3.89809359e+00 -1.10966095e+00 -2.30172745e+01]]
0.003399999999999998  [[-9.72760664e-04 -3.83777328e-01 -4.01621764e+00]
 [-3.95406944e-01 -1.52601829e-01 -1.14328704e+00]
 [-4.13792121e+00 -1.17793210e+00 -2.44333970e+01]]
0.003499999999999998  [[-1.03082337e-03 -4.07036560e-01 -4.25962477e+00]
 [-4.19008224e-01 -1.61710416e-01 -1.21257716e+00]
 [-4.38490785e+00 -1.24824120e+00 -2.58917918e+01]]
0.0035999999999999977  [[-1.09056905e-03 -4.30979887e-01 -4.51019093e+00]
 [-4.43293598e-01 -1.71083020e-01 -1.28390523e+00]
 [-4.63905353e+00 -1.32058824e+00 -2.73924590e+01]]
0.0036999999999999976  [[-1.15199771e-03 -4.55607309e-01 -4.76791613e+00]
 [-4.68263068e-01 -1.80719640e-01 -1.35727124e+00]
 [-4.90035824e+00 -1.39497322e+00 -2.89353984e+01]]
0.0037999999999999974  [[-1.21510934e-03 -4.80918826e-01 -5.03280036e+00]
 [-4.93916632e-01 -1.90620278e-01 -1.43267520e+00]
 [-5.16882199e+00 -1.47139615e+00 -3.05206101e+01]]
0.0038999999999999972  [[-1.27990395e-03 -5.06914439e-01 -5.30484362e+00]
 [-5.20254292e-01 -2.00784933e-01 -1.51011710e+00]
 [-5.44444477e+00 -1.54985703e+00 -3.21480942e+01]]
0.0039999999999999975  [[-1.34638154e-03 -5.33594146e-01 -5.58404592e+00]
 [-5.47276047e-01 -2.11213604e-01 -1.58959695e+00]
 [-5.72722658e+00 -1.63035585e+00 -3.38178506e+01]]
0.004099999999999998  [[-1.41454211e-03 -5.60957948e-01 -5.87040725e+00]
 [-5.74981897e-01 -2.21906293e-01 -1.67111474e+00]
 [-6.01716743e+00 -1.71289261e+00 -3.55298793e+01]]
0.004199999999999998  [[-1.48438565e-03 -5.89005846e-01 -6.16392761e+00]
 [-6.03371842e-01 -2.32862999e-01 -1.75467048e+00]
 [-6.31426731e+00 -1.79746732e+00 -3.72841803e+01]]
0.004299999999999998  [[-1.55591217e-03 -6.17737838e-01 -6.46460700e+00]
 [-6.32445882e-01 -2.44083722e-01 -1.84026416e+00]
 [-6.61852622e+00 -1.88407998e+00 -3.90807536e+01]]
0.0043999999999999985  [[-1.62912167e-03 -6.47153926e-01 -6.77244543e+00]
 [-6.62204017e-01 -2.55568461e-01 -1.92789579e+00]
 [-6.92994416e+00 -1.97273058e+00 -4.09195992e+01]]
0.004499999999999999  [[-1.70401414e-03 -6.77254108e-01 -7.08744289e+00]
 [-6.92646247e-01 -2.67317218e-01 -2.01756536e+00]
 [-7.24852114e+00 -2.06341912e+00 -4.28007171e+01]]
0.004599999999999999  [[-1.78058959e-03 -7.08038386e-01 -7.40959939e+00]
 [-7.23772572e-01 -2.79329992e-01 -2.10927288e+00]
 [-7.57425715e+00 -2.15614561e+00 -4.47241074e+01]]
0.004699999999999999  [[-1.85884802e-03 -7.39506759e-01 -7.73891492e+00]
 [-7.55582992e-01 -2.91606782e-01 -2.20301834e+00]
 [-7.90715220e+00 -2.25091004e+00 -4.66897699e+01]]
0.0048  [[-1.93878942e-03 -7.71659226e-01 -8.07538948e+00]
 [-7.88077508e-01 -3.04147590e-01 -2.29880175e+00]
 [-8.24720628e+00 -2.34771242e+00 -4.86977048e+01]]
0.0049  [[-2.02041380e-03 -8.04495789e-01 -8.41902307e+00]
 [-8.21256118e-01 -3.16952415e-01 -2.39662310e+00]
 [-8.59441939e+00 -2.44655274e+00 -5.07479120e+01]]
0.005  [[-2.10372116e-03 -8.38016447e-01 -8.76981570e+00]
 [-8.55118823e-01 -3.30021257e-01 -2.49648239e+00]
 [-8.94879153e+00 -2.54743101e+00 -5.28403915e+01]]
0.0051  [[-2.18871149e-03 -8.72221200e-01 -9.12776736e+00]
 [-8.89665624e-01 -3.43354116e-01 -2.59837963e+00]
 [-9.31032271e+00 -2.65034723e+00 -5.49751433e+01]]
0.005200000000000001  [[-2.27538481e-03 -9.07110048e-01 -9.49287806e+00]
 [-9.24896519e-01 -3.56950991e-01 -2.70231482e+00]
 [-9.67901292e+00 -2.75530138e+00 -5.71521675e+01]]
0.005300000000000001  [[-2.36374109e-03 -9.42682991e-01 -9.86514779e+00]
 [-9.60811510e-01 -3.70811884e-01 -2.80828795e+00]
 [-1.00548622e+01 -2.86229349e+00 -5.93714639e+01]]
0.005400000000000001  [[-2.45378036e-03 -9.78940029e-01 -1.02445765e+01]
 [-9.97410596e-01 -3.84936794e-01 -2.91629902e+00]
 [-1.04378704e+01 -2.97132353e+00 -6.16330327e+01]]
0.005500000000000001  [[-2.54550260e-03 -1.01588116e+00 -1.06311643e+01]
 [-1.03469378e+00 -3.99325721e-01 -3.02634804e+00]
 [-1.08280378e+01 -3.08239153e+00 -6.39368737e+01]]
0.005600000000000002  [[-2.63890782e-03 -1.05350639e+00 -1.10249112e+01]
 [-1.07266105e+00 -4.13978664e-01 -3.13843501e+00]
 [-1.12253641e+01 -3.19549746e+00 -6.62829871e+01]]
0.005700000000000002  [[-2.73399602e-03 -1.09181571e+00 -1.14258170e+01]
 [-1.11131242e+00 -4.28895625e-01 -3.25255992e+00]
 [-1.16298495e+01 -3.31064134e+00 -6.86713728e+01]]
0.005800000000000002  [[-2.83076719e-03 -1.13080913e+00 -1.18338819e+01]
 [-1.15064789e+00 -4.44076603e-01 -3.36872277e+00]
 [-1.20414939e+01 -3.42782317e+00 -7.11020308e+01]]
0.0059000000000000025  [[-2.92922134e-03 -1.17048665e+00 -1.22491059e+01]
 [-1.19066745e+00 -4.59521598e-01 -3.48692357e+00]
 [-1.24602973e+01 -3.54704294e+00 -7.35749611e+01]]
0.006000000000000003  [[-3.02935847e-03 -1.21084825e+00 -1.26714888e+01]
 [-1.23137111e+00 -4.75230610e-01 -3.60716231e+00]
 [-1.28862598e+01 -3.66830066e+00 -7.60901638e+01]]
0.006100000000000003  [[-3.13117857e-03 -1.25189396e+00 -1.31010308e+01]
 [-1.27275886e+00 -4.91203639e-01 -3.72943900e+00]
 [-1.33193813e+01 -3.79159632e+00 -7.86476387e+01]]
0.006200000000000003  [[-3.23468165e-03 -1.29362376e+00 -1.35377318e+01]
 [-1.31483070e+00 -5.07440684e-01 -3.85375364e+00]
 [-1.37596619e+01 -3.91692993e+00 -8.12473860e+01]]
0.0063000000000000035  [[-3.33986771e-03 -1.33603765e+00 -1.39815919e+01]
 [-1.35758664e+00 -5.23941747e-01 -3.98010621e+00]
 [-1.42071014e+01 -4.04430148e+00 -8.38894056e+01]]
0.006400000000000004  [[-3.44673675e-03 -1.37913564e+00 -1.44326110e+01]
 [-1.40102668e+00 -5.40706827e-01 -4.10849674e+00]
 [-1.46617000e+01 -4.17371097e+00 -8.65736975e+01]]
0.006500000000000004  [[-3.55528876e-03 -1.42291772e+00 -1.48907891e+01]
 [-1.44515081e+00 -5.57735924e-01 -4.23892521e+00]
 [-1.51234577e+01 -4.30515841e+00 -8.93002617e+01]]
0.006600000000000004  [[-3.66552375e-03 -1.46738390e+00 -1.53561263e+01]
 [-1.48995904e+00 -5.75029038e-01 -4.37139162e+00]
 [-1.55923744e+01 -4.43864380e+00 -9.20690982e+01]]
0.0067000000000000046  [[-3.77744171e-03 -1.51253417e+00 -1.58286225e+01]
 [-1.53545136e+00 -5.92586169e-01 -4.50589598e+00]
 [-1.60684501e+01 -4.57416713e+00 -9.48802070e+01]]
0.006800000000000005  [[-3.89104266e-03 -1.55836854e+00 -1.63082777e+01]
 [-1.58162778e+00 -6.10407317e-01 -4.64243828e+00]
 [-1.65516848e+01 -4.71172840e+00 -9.77335881e+01]]
0.006900000000000005  [[-4.00632657e-03 -1.60488701e+00 -1.67950920e+01]
 [-1.62848829e+00 -6.28492481e-01 -4.78101853e+00]
 [-1.70420786e+01 -4.85132762e+00 -1.00629242e+02]]
0.007000000000000005  [[-4.12329347e-03 -1.65208957e+00 -1.72890652e+01]
 [-1.67603289e+00 -6.46841663e-01 -4.92163672e+00]
 [-1.75396314e+01 -4.99296479e+00 -1.03567167e+02]]
0.007100000000000006  [[-4.24194334e-03 -1.69997622e+00 -1.77901976e+01]
 [-1.72426160e+00 -6.65454862e-01 -5.06429285e+00]
 [-1.80443432e+01 -5.13663989e+00 -1.06547365e+02]]
0.007200000000000006  [[-4.36227619e-03 -1.74854697e+00 -1.82984889e+01]
 [-1.77317439e+00 -6.84332078e-01 -5.20898694e+00]
 [-1.85562141e+01 -5.28235295e+00 -1.09569836e+02]]
0.007300000000000006  [[-4.48429202e-03 -1.79780181e+00 -1.88139393e+01]
 [-1.82277128e+00 -7.03473311e-01 -5.35571896e+00]
 [-1.90752440e+01 -5.43010395e+00 -1.12634579e+02]]
0.007400000000000006  [[-4.60799083e-03 -1.84774075e+00 -1.93365487e+01]
 [-1.87305227e+00 -7.22878561e-01 -5.50448893e+00]
 [-1.96014330e+01 -5.57989289e+00 -1.15741594e+02]]
0.007500000000000007  [[-4.73337261e-03 -1.89836379e+00 -1.98663172e+01]
 [-1.92401735e+00 -7.42547828e-01 -5.65529685e+00]
 [-2.01347810e+01 -5.73171978e+00 -1.18890881e+02]]
0.007600000000000007  [[-4.86043736e-03 -1.94967092e+00 -2.04032447e+01]
 [-1.97566653e+00 -7.62481112e-01 -5.80814271e+00]
 [-2.06752880e+01 -5.88558461e+00 -1.22082441e+02]]
0.007700000000000007  [[-4.98918510e-03 -2.00166214e+00 -2.09473312e+01]
 [-2.02799980e+00 -7.82678413e-01 -5.96302652e+00]
 [-2.12229540e+01 -6.04148739e+00 -1.25316273e+02]]
0.0078000000000000074  [[-5.11961581e-03 -2.05433746e+00 -2.14985768e+01]
 [-2.08101717e+00 -8.03139730e-01 -6.11994827e+00]
 [-2.17777791e+01 -6.19942811e+00 -1.28592377e+02]]
0.007900000000000008  [[-5.25172950e-03 -2.10769688e+00 -2.20569814e+01]
 [-2.13471863e+00 -8.23865065e-01 -6.27890796e+00]
 [-2.23397632e+01 -6.35940678e+00 -1.31910753e+02]]
0.008000000000000007  [[-5.38552617e-03 -2.16174039e+00 -2.26225450e+01]
 [-2.18910419e+00 -8.44854417e-01 -6.43990560e+00]
 [-2.29089063e+01 -6.52142339e+00 -1.35271402e+02]]
0.008100000000000007  [[-5.52100581e-03 -2.21646799e+00 -2.31952677e+01]
 [-2.24417384e+00 -8.66107786e-01 -6.60294119e+00]
 [-2.34852085e+01 -6.68547795e+00 -1.38674323e+02]]
0.008200000000000006  [[-5.65816843e-03 -2.27187969e+00 -2.37751493e+01]
 [-2.29992759e+00 -8.87625172e-01 -6.76801472e+00]
 [-2.40686697e+01 -6.85157045e+00 -1.42119517e+02]]
0.008300000000000005  [[-5.79701402e-03 -2.32797549e+00 -2.43621901e+01]
 [-2.35636543e+00 -9.09406575e-01 -6.93512619e+00]
 [-2.46592900e+01 -7.01970090e+00 -1.45606983e+02]]
0.008400000000000005  [[-5.93754260e-03 -2.38475537e+00 -2.49563898e+01]
 [-2.41348737e+00 -9.31451995e-01 -7.10427561e+00]
 [-2.52570692e+01 -7.18986929e+00 -1.49136721e+02]]
0.008500000000000004  [[-6.07975415e-03 -2.44221936e+00 -2.55577486e+01]
 [-2.47129340e+00 -9.53761432e-01 -7.27546297e+00]
 [-2.58620075e+01 -7.36207563e+00 -1.52708731e+02]]
0.008600000000000003  [[-6.22364868e-03 -2.50036744e+00 -2.61662664e+01]
 [-2.52978353e+00 -9.76334886e-01 -7.44868828e+00]
 [-2.64741049e+01 -7.53631991e+00 -1.56323014e+02]]
0.008700000000000003  [[-6.36922618e-03 -2.55919961e+00 -2.67819433e+01]
 [-2.58895775e+00 -9.99172357e-01 -7.62395154e+00]
 [-2.70933612e+01 -7.71260214e+00 -1.59979569e+02]]
0.008800000000000002  [[-6.51648666e-03 -2.61871589e+00 -2.74047792e+01]
 [-2.64881607e+00 -1.02227384e+00 -7.80125273e+00]
 [-2.77197767e+01 -7.89092231e+00 -1.63678397e+02]]
0.008900000000000002  [[-6.66543012e-03 -2.67891625e+00 -2.80347741e+01]
 [-2.70935848e+00 -1.04563935e+00 -7.98059188e+00]
 [-2.83533511e+01 -8.07128042e+00 -1.67419496e+02]]
0.009000000000000001  [[-6.81605655e-03 -2.73980071e+00 -2.86719281e+01]
 [-2.77058499e+00 -1.06926887e+00 -8.16196897e+00]
 [-2.89940846e+01 -8.25367648e+00 -1.71202869e+02]]
0.0091  [[-6.96836597e-03 -2.80136927e+00 -2.93162411e+01]
 [-2.83249559e+00 -1.09316241e+00 -8.34538400e+00]
 [-2.96419771e+01 -8.43811049e+00 -1.75028513e+02]]
0.0092  [[-7.12235835e-03 -2.86362192e+00 -2.99677131e+01]
 [-2.89509029e+00 -1.11731997e+00 -8.53083698e+00]
 [-3.02970286e+01 -8.62458244e+00 -1.78896430e+02]]
0.0093  [[-7.27803372e-03 -2.92655866e+00 -3.06263441e+01]
 [-2.95836908e+00 -1.14174154e+00 -8.71832790e+00]
 [-3.09592392e+01 -8.81309233e+00 -1.82806618e+02]]
0.009399999999999999  [[-7.43539206e-03 -2.99017950e+00 -3.12921342e+01]
 [-3.02233197e+00 -1.16642713e+00 -8.90785677e+00]
 [-3.16286088e+01 -9.00364017e+00 -1.86759080e+02]]
0.009499999999999998  [[-7.59443338e-03 -3.05448444e+00 -3.19650834e+01]
 [-3.08697895e+00 -1.19137674e+00 -9.09942358e+00]
 [-3.23051374e+01 -9.19622596e+00 -1.90753813e+02]]
0.009599999999999997  [[-7.75515768e-03 -3.11947347e+00 -3.26451915e+01]
 [-3.15231003e+00 -1.21659036e+00 -9.29302834e+00]
 [-3.29888251e+01 -9.39084969e+00 -1.94790819e+02]]
0.009699999999999997  [[-7.91756495e-03 -3.18514659e+00 -3.33324587e+01]
 [-3.21832520e+00 -1.24206800e+00 -9.48867104e+00]
 [-3.36796718e+01 -9.58751136e+00 -1.98870097e+02]]
0.009799999999999996  [[-8.08165520e-03 -3.25150381e+00 -3.40268849e+01]
 [-3.28502447e+00 -1.26780966e+00 -9.68635168e+00]
 [-3.43776776e+01 -9.78621098e+00 -2.02991648e+02]]
0.009899999999999996  [[-8.24742843e-03 -3.31854513e+00 -3.47284702e+01]
 [-3.35240784e+00 -1.29381534e+00 -9.88607028e+00]
 [-3.50828423e+01 -9.98694854e+00 -2.07155471e+02]]
0.009999999999999995  [[-8.41488463e-03 -3.38627054e+00 -3.54372145e+01]
 [-3.42047529e+00 -1.32008503e+00 -1.00878268e+01]
 [-3.57951661e+01 -1.01897241e+01 -2.11361566e+02]]
0.010099999999999994  [[-8.58402382e-03 -3.45468005e+00 -3.61531178e+01]
 [-3.48922685e+00 -1.34661874e+00 -1.02916213e+01]
 [-3.65146490e+01 -1.03945375e+01 -2.15609934e+02]]
0.010199999999999994  [[-8.75484597e-03 -3.52377365e+00 -3.68761802e+01]
 [-3.55866250e+00 -1.37341646e+00 -1.04974537e+01]
 [-3.72412908e+01 -1.06013889e+01 -2.19900573e+02]]
0.010299999999999993  [[-8.92735111e-03 -3.59355134e+00 -3.76064015e+01]
 [-3.62878224e+00 -1.40047821e+00 -1.07053241e+01]
 [-3.79750918e+01 -1.08102782e+01 -2.24233485e+02]]
0.010399999999999993  [[-9.10153922e-03 -3.66401313e+00 -3.83437820e+01]
 [-3.69958608e+00 -1.42780397e+00 -1.09152324e+01]
 [-3.87160517e+01 -1.10212055e+01 -2.28608670e+02]]
0.010499999999999992  [[-9.27741031e-03 -3.73515902e+00 -3.90883214e+01]
 [-3.77107401e+00 -1.45539374e+00 -1.11271787e+01]
 [-3.94641707e+01 -1.12341708e+01 -2.33026127e+02]]
0.010599999999999991  [[-9.45496438e-03 -3.80698900e+00 -3.98400199e+01]
 [-3.84324604e+00 -1.48324754e+00 -1.13411629e+01]
 [-4.02194487e+01 -1.14491739e+01 -2.37485856e+02]]
0.01069999999999999  [[-9.63420142e-03 -3.87950308e+00 -4.05988774e+01]
 [-3.91610216e+00 -1.51136535e+00 -1.15571850e+01]
 [-4.09818857e+01 -1.16662151e+01 -2.41987857e+02]]
0.01079999999999999  [[-9.81512144e-03 -3.95270125e+00 -4.13648940e+01]
 [-3.98964238e+00 -1.53974718e+00 -1.17752451e+01]
 [-4.17514818e+01 -1.18852941e+01 -2.46532131e+02]]
0.01089999999999999  [[-9.99772443e-03 -4.02658352e+00 -4.21380696e+01]
 [-4.06386670e+00 -1.56839302e+00 -1.19953432e+01]
 [-4.25282369e+01 -1.21064111e+01 -2.51118677e+02]]
0.010999999999999989  [[-1.01820104e-02 -4.10114988e+00 -4.29184042e+01]
 [-4.13877511e+00 -1.59730288e+00 -1.22174791e+01]
 [-4.33121510e+01 -1.23295661e+01 -2.55747495e+02]]
0.011099999999999988  [[-1.03679794e-02 -4.17640033e+00 -4.37058979e+01]
 [-4.21436761e+00 -1.62647676e+00 -1.24416531e+01]
 [-4.41032242e+01 -1.25547590e+01 -2.60418586e+02]]
0.011199999999999988  [[-1.05556313e-02 -4.25233489e+00 -4.45005505e+01]
 [-4.29064421e+00 -1.65591466e+00 -1.26678649e+01]
 [-4.49014564e+01 -1.27819899e+01 -2.65131948e+02]]
0.011299999999999987  [[-1.07449662e-02 -4.32895353e+00 -4.53023623e+01]
 [-4.36760490e+00 -1.68561657e+00 -1.28961148e+01]
 [-4.57068476e+01 -1.30112586e+01 -2.69887584e+02]]
0.011399999999999987  [[-1.09359841e-02 -4.40625627e+00 -4.61113330e+01]
 [-4.44524969e+00 -1.71558250e+00 -1.31264025e+01]
 [-4.65193979e+01 -1.32425654e+01 -2.74685491e+02]]
0.011499999999999986  [[-1.11286849e-02 -4.48424311e+00 -4.69274628e+01]
 [-4.52357858e+00 -1.74581245e+00 -1.33587282e+01]
 [-4.73391072e+01 -1.34759101e+01 -2.79525671e+02]]
0.011599999999999985  [[-1.13230688e-02 -4.56291404e+00 -4.77507516e+01]
 [-4.60259156e+00 -1.77630641e+00 -1.35930919e+01]
 [-4.81659756e+01 -1.37112927e+01 -2.84408123e+02]]
0.011699999999999985  [[-1.15191356e-02 -4.64226907e+00 -4.85811995e+01]
 [-4.68228863e+00 -1.80706439e+00 -1.38294935e+01]
 [-4.90000029e+01 -1.39487133e+01 -2.89332848e+02]]
0.011799999999999984  [[-1.17168854e-02 -4.72230819e+00 -4.94188064e+01]
 [-4.76266980e+00 -1.83808639e+00 -1.40679330e+01]
 [-4.98411893e+01 -1.41881718e+01 -2.94299845e+02]]
0.011899999999999984  [[-1.19163181e-02 -4.80303141e+00 -5.02635723e+01]
 [-4.84373506e+00 -1.86937241e+00 -1.43084105e+01]
 [-5.06895348e+01 -1.44296682e+01 -2.99309114e+02]]
0.011999999999999983  [[-1.21174339e-02 -4.88443872e+00 -5.11154972e+01]
 [-4.92548442e+00 -1.90092244e+00 -1.45509259e+01]
 [-5.15450392e+01 -1.46732026e+01 -3.04360655e+02]]
0.012099999999999982  [[-1.23202326e-02 -4.96653013e+00 -5.19745812e+01]
 [-5.00791788e+00 -1.93273649e+00 -1.47954793e+01]
 [-5.24077027e+01 -1.49187750e+01 -3.09454469e+02]]
0.012199999999999982  [[-1.25247143e-02 -5.04930563e+00 -5.28408242e+01]
 [-5.09103543e+00 -1.96481455e+00 -1.50420706e+01]
 [-5.32775253e+01 -1.51663853e+01 -3.14590555e+02]]
0.012299999999999981  [[-1.27308790e-02 -5.13276523e+00 -5.37142263e+01]
 [-5.17483707e+00 -1.99715664e+00 -1.52906999e+01]
 [-5.41545068e+01 -1.54160335e+01 -3.19768913e+02]]
0.01239999999999998  [[-1.29387266e-02 -5.21690892e+00 -5.45947874e+01]
 [-5.25932281e+00 -2.02976274e+00 -1.55413671e+01]
 [-5.50386474e+01 -1.56677197e+01 -3.24989544e+02]]
0.01249999999999998  [[-1.31482572e-02 -5.30173671e+00 -5.54825075e+01]
 [-5.34449265e+00 -2.06263285e+00 -1.57940723e+01]
 [-5.59299471e+01 -1.59214438e+01 -3.30252447e+02]]
0.01259999999999998  [[-1.33594708e-02 -5.38724859e+00 -5.63773867e+01]
 [-5.43034658e+00 -2.09576699e+00 -1.60488154e+01]
 [-5.68284058e+01 -1.61772059e+01 -3.35557622e+02]]
0.012699999999999979  [[-1.35723674e-02 -5.47344457e+00 -5.72794248e+01]
 [-5.51688460e+00 -2.12916514e+00 -1.63055964e+01]
 [-5.77340235e+01 -1.64350059e+01 -3.40905070e+02]]
0.012799999999999978  [[-1.37869470e-02 -5.56032464e+00 -5.81886221e+01]
 [-5.60410672e+00 -2.16282731e+00 -1.65644154e+01]
 [-5.86468002e+01 -1.66948439e+01 -3.46294790e+02]]
0.012899999999999977  [[-1.40032095e-02 -5.64788881e+00 -5.91049783e+01]
 [-5.69201294e+00 -2.19675349e+00 -1.68252724e+01]
 [-5.95667360e+01 -1.69567198e+01 -3.51726782e+02]]
0.012999999999999977  [[-1.42211550e-02 -5.73613707e+00 -6.00284936e+01]
 [-5.78060325e+00 -2.23094370e+00 -1.70881672e+01]
 [-6.04938308e+01 -1.72206336e+01 -3.57201047e+02]]
0.013099999999999976  [[-1.44407835e-02 -5.82506943e+00 -6.09591679e+01]
 [-5.86987765e+00 -2.26539791e+00 -1.73531001e+01]
 [-6.14280846e+01 -1.74865854e+01 -3.62717584e+02]]
0.013199999999999976  [[-1.46620950e-02 -5.91468588e+00 -6.18970013e+01]
 [-5.95983615e+00 -2.30011615e+00 -1.76200708e+01]
 [-6.23694975e+01 -1.77545752e+01 -3.68276393e+02]]
0.013299999999999975  [[-1.48850894e-02 -6.00498643e+00 -6.28419937e+01]
 [-6.05047875e+00 -2.33509840e+00 -1.78890795e+01]
 [-6.33180694e+01 -1.80246029e+01 -3.73877474e+02]]
0.013399999999999974  [[-1.51097668e-02 -6.09597107e+00 -6.37941451e+01]
 [-6.14180544e+00 -2.37034467e+00 -1.81601262e+01]
 [-6.42738003e+01 -1.82966685e+01 -3.79520828e+02]]
0.013499999999999974  [[-1.53361272e-02 -6.18763981e+00 -6.47534555e+01]
 [-6.23381622e+00 -2.40585496e+00 -1.84332108e+01]
 [-6.52366903e+01 -1.85707721e+01 -3.85206454e+02]]
0.013599999999999973  [[-1.55641706e-02 -6.27999264e+00 -6.57199250e+01]
 [-6.32651110e+00 -2.44162927e+00 -1.87083334e+01]
 [-6.62067393e+01 -1.88469136e+01 -3.90934353e+02]]
0.013699999999999973  [[-1.57938970e-02 -6.37302957e+00 -6.66935535e+01]
 [-6.41989008e+00 -2.47766759e+00 -1.89854939e+01]
 [-6.71839473e+01 -1.91250931e+01 -3.96704523e+02]]
0.013799999999999972  [[-1.60253063e-02 -6.46675059e+00 -6.76743411e+01]
 [-6.51395315e+00 -2.51396993e+00 -1.92646923e+01]
 [-6.81683144e+01 -1.94053105e+01 -4.02516966e+02]]
0.013899999999999971  [[-1.62583986e-02 -6.56115571e+00 -6.86622877e+01]
 [-6.60870032e+00 -2.55053628e+00 -1.95459287e+01]
 [-6.91598405e+01 -1.96875658e+01 -4.08371682e+02]]
0.01399999999999997  [[-1.64931739e-02 -6.65624492e+00 -6.96573933e+01]
 [-6.70413158e+00 -2.58736665e+00 -1.98292030e+01]
 [-7.01585256e+01 -1.99718591e+01 -4.14268669e+02]]
0.01409999999999997  [[-1.67296321e-02 -6.75201823e+00 -7.06596580e+01]
 [-6.80024693e+00 -2.62446104e+00 -2.01145153e+01]
 [-7.11643698e+01 -2.02581904e+01 -4.20207929e+02]]
0.01419999999999997  [[-1.69677734e-02 -6.84847563e+00 -7.16690816e+01]
 [-6.89704638e+00 -2.66181945e+00 -2.04018655e+01]
 [-7.21773730e+01 -2.05465596e+01 -4.26189462e+02]]
0.014299999999999969  [[-1.72075976e-02 -6.94561713e+00 -7.26856644e+01]
 [-6.99452993e+00 -2.69944187e+00 -2.06912537e+01]
 [-7.31975352e+01 -2.08369667e+01 -4.32213266e+02]]
0.014399999999999968  [[-1.74491048e-02 -7.04344273e+00 -7.37094061e+01]
 [-7.09269757e+00 -2.73732831e+00 -2.09826798e+01]
 [-7.42248565e+01 -2.11294118e+01 -4.38279343e+02]]
0.014499999999999968  [[-1.76922949e-02 -7.14195241e+00 -7.47403069e+01]
 [-7.19154931e+00 -2.77547877e+00 -2.12761438e+01]
 [-7.52593368e+01 -2.14238948e+01 -4.44387693e+02]]
0.014599999999999967  [[-1.79371681e-02 -7.24114620e+00 -7.57783667e+01]
 [-7.29108514e+00 -2.81389324e+00 -2.15716458e+01]
 [-7.63009761e+01 -2.17204158e+01 -4.50538314e+02]]
0.014699999999999967  [[-1.81837242e-02 -7.34102408e+00 -7.68235856e+01]
 [-7.39130506e+00 -2.85257173e+00 -2.18691858e+01]
 [-7.73497745e+01 -2.20189747e+01 -4.56731208e+02]]
0.014799999999999966  [[-1.84319633e-02 -7.44158605e+00 -7.78759634e+01]
 [-7.49220908e+00 -2.89151424e+00 -2.21687636e+01]
 [-7.84057319e+01 -2.23195716e+01 -4.62966374e+02]]
0.014899999999999965  [[-1.86818854e-02 -7.54283212e+00 -7.89355004e+01]
 [-7.59379720e+00 -2.93072077e+00 -2.24703795e+01]
 [-7.94688483e+01 -2.26222064e+01 -4.69243813e+02]]
0.014999999999999965  [[-1.89334904e-02 -7.64476228e+00 -8.00021963e+01]
 [-7.69606941e+00 -2.97019131e+00 -2.27740333e+01]
 [-8.05391238e+01 -2.29268791e+01 -4.75563524e+02]]
